6
6
4
34
38
37
34
35
38
34
36
37
34
36
38
34
38
36
34
35
36
34
38
12
31
33
6
6
5
36
37
36
38
37
36
38
35
32
35
34
30
35
37
38
37
38
37
38
37
12
30
29
6
6
4
35
38
34
35
38
34
37
38
31
38
33
33
36
38
34
35
36
34
35
36
12
29
30
6
6
5
2
2
2
2
2
2
2
2
2
2
2
2
2
2
2
2
2
2
2
2
12
33
31
6
6
4
2
2
2
2
2
2
2
2
2
2
2
2
2
2
2
2
2
2
2
2
12
32
32
6
6
5
2
2
2
2
2
2
2
2
2
2
2
2
2
2
2
2
2
2
2
2
12
31
33
6
6
4
2
2
2
2
2
2
2
2
2
2
2
2
2
2
2
2
2
2
2
2
12
30
31
6
6
5
2
2
2
2
2
2
2
2
2
2
2
2
2
2
2
2
2
2
2
2
12
29
29
6
6
4
2
2
2
2
2
2
2
2
2
2
2
2
2
2
2
2
2
2
2
2
12
33
30
6
6
5
2
2
2
2
2
2
2
2
2
2
2
2
2
2
2
2
2
2
2
2
12
32
32
6
6
3
2
2
2
2
2
2
2
2
2
2
2
2
2
2
2
2
2
2
2
2
12
31
29
6
6
5
2
2
2
2
2
2
2
2
2
2
2
2
2
2
2
2
2
2
2
2
12
30
33
6
6
4
2
2
2
2
2
2
2
2
2
2
2
2
2
2
2
2
2
2
2
2
12
29
32
6
6
5
2
2
2
2
2
2
2
2
2
2
2
2
45
46
2
2
2
2
2
2
12
33
31
6
6
4
2
2
2
2
2
2
2
2
2
2
2
2
43
44
41
41
41
41
41
41
42
32
33
6
6
5
2
2
2
2
2
2
2
2
2
2
2
2
2
2
2
2
2
2
2
2
12
31
32
6
6
4
2
2
2
2
2
2
2
2
2
2
2
2
2
2
2
2
2
2
2
2
12
30
30
6
6
5
2
2
2
2
2
2
2
2
2
2
2
2
2
2
2
2
2
2
2
2
12
29
29
6
6
4
2
2
2
2
2
2
2
2
2
2
2
2
2
2
2
2
2
2
2
2
12
33
30
6
6
5
2
2
2
2
2
2
2
2
2
2
2
2
2
2
2
2
2
2
2
2
12
32
33
6
6
4
2
2
2
2
2
2
2
2
2
2
2
2
2
2
2
2
2
2
2
2
12
31
32
6
6
5
2
2
2
2
2
2
2
2
2
2
2
2
2
2
2
2
2
2
2
2
12
30
30
6
6
4
2
2
2
2
2
2
2
2
2
2
2
2
2
2
2
2
2
2
2
2
12
29
29
15
15
16
14
14
14
14
14
14
14
14
14
14
14
14
14
14
14
14
14
14
14
14
13
32
31
6
6
4
33
30
29
32
30
31
33
30
33
30
32
31
29
33
30
29
33
31
32
30
33
30
29
6
6
5
29
30
31
32
33
29
30
31
32
33
29
30
31
32
33
29
30
31
32
33
29
30
31